87
35
211
59
47
185
191
126
3
100
17
6
8
30
83
3
40
13
91
75
85
8
130
155
117
113
116
95
61
119
128
148
153
84
206
200
14
142
70
17
241
87
23
249
116
105
251
156
118
86
230
203
94
104
103
211
217
219
51
22
82
179
170
235
7
121
180
21
7
249
37
248
81
59
241
196
164
236
96
26
66
71
229
160
174
76
115
135
39
166
157
121
89
71
100
95
192
24
116
198
18
152
191
98
211
176
38
119
156
134
145
222
204
118
127
123
193
241
3
231
152
159
96
240
230
196
79
166
219
195
109
236
91
44
79
46
219
116
165
120
250
54
87
199
171
213
66
108
199
68
84
95
227
180
79
201
120
158
112
84
97
221
65
188
9
143
234
228
4
143
93
253
196
179
197
112
136
7
219
79
75
48
174
46
227
252
247
92
154
104
175
251
69
239
183
78
127
161
51
130
48
143
127
244
66
69
100
202
75
64
26
150
112
199
196
84
195
188
175
94
36
95
89
105
79
17
183
205
177
233
79
225
120
206
214
186
20
58
133
94
122
158
244
233
101
184
61
41
117
236
134
153
75
223
2
154
240
184
103
162
162
182
131
27
133
90
213
152
148
90
246
14
247
235
247
93
164
52
134
25
32
13
177
107
235
179
6
220
108
108
126
14
35
2
41
168
91
253
65
238
88
56
252
80
35
243
172
198
40
51
222
72
63
144
179
43
68
184
7
175
37
132
189
72
133
229
239
224
227
49
206
59
104
203
138
138
191
55
80
230
105
47
47
167
191
225
210
3
154
216
177
190
92
111
6
225
84
245
193
56
38
144
114
141
92
252
23
27
51
103
2
156
150
48
68
85
18
22
87
172
237
9
106
74
119
112
43
203
102
236
3
139
125
117
25
216
113
48
242
164
150
244
64
45
36
131
129
54
152
216
226
133
224
77
207
88
188
250
35
35
230
37
173
99
153
198
59
11
245
46
174
140
34
237
184
70
112
58
124
9
18
94
142
242
170
93
74
103
87
108
137
62
145
55
160
43
253
219
53
242
10
226
127
43
207
55
113
64
113
237
72
130
75
214
117
245
51
190
93
138
43
230
199
188
30
104
230
27
67
28
14
77
253
140
120
205
195
232
14
52
213
86
181
33
44
43
22
94
232
115
231
20
87
35
211
59
47
185
191
126
3
100
17
6
8
30
83
3
40
13
91
75
85
8
130
155
117
113
116
95
61
119
128
148
153
84
206
200
14
142
70
17
241
87
23
249
116
105
251
156
118
86
230
203
94
104
103
211
217
219
51
22
82
179
170
235
7
121
180
21
7
249
37
248
81
59
241
196
164
236
96
26
66
71
229
160
174
76
115
135
39
166
157
121
89
71
100
95
192
24
116
198
18
152
191
98
211
176
38
119
156
134
145
222
204
118
127
123
193
241
3
231
152
159
96
240
230
196
79
166
219
195
109
236
91
44
79
46
219
116
165
120
250
54
87
199
171
213
66
108
199
68
84
95
227
180
79
201
120
158
112
84
97
221
65
188
9
143
234
228
4
143
93
253
196
179
197
112
136
7
219
79
75
48
174
46
227
252
247
92
154
104
175
251
69
239
183
78
127
161
51
130
48
143
127
244
66
69
100
202
75
64
26
150
112
199
196
84
195
188
175
94
36
95
89
105
79
17
183
205
177
233
79
225
120
206
214
186
20
58
133
94
122
158
244
233
101
184
61
41
117
236
134
153
75
223
2
154
240
184
103
162
162
182
131
27
133
90
213
152
148
90
246
14
247
235
247
93
164
52
134
25
32
13
177
107
235
179
6
220
108
108
126
14
35
2
41
168
91
253
65
238
88
56
252
80
35
243
172
198
40
51
222
72
63
144
179
43
68
184
7
175
37
132
189
72
133
229
239
224
227
49
206
59
104
203
138
138
191
55
80
230
105
47
47
167
191
225
210
3
154
216
177
190
92
111
6
225
84
245
193
56
38
144
114
141
92
252
23
27
51
103
2
156
150
48
68
85
18
22
87
172
237
9
106
74
119
112
43
203
102
236
3
139
125
117
25
216
113
48
242
164
150
244
64
45
36
131
129
54
152
216
226
133
224
77
207
88
188
250
35
35
230
37
173
99
153
198
59
11
245
46
174
140
34
237
184
70
112
58
124
9
18
94
142
242
170
93
74
103
87
108
137
62
145
55
160
43
253
219
53
242
10
226
127
43
207
55
113
64
113
237
72
130
75
214
117
245
51
190
93
138
43
230
199
188
30
104
230
27
67
28
14
77
253
140
120
205
195
232
14
52
213
86
181
33
44
43
22
94
232
115
231
20
