8
36
205
238
74
208
242
183
215
142
80
41
73
176
233
130
233
137
64
196
4
104
184
40
247
117
110
27
144
50
241
151
86
191
134
160
143
120
88
103
6
167
143
79
87
121
208
65
3
17
6
7
121
189
47
113
51
156
139
194
206
124
90
37
60
223
196
203
87
29
50
93
195
193
171
27
59
124
92
61
141
97
67
7
31
114
119
81
15
2
20
220
125
109
2
185
77
198
132
163
226
181
255
165
118
171
192
176
40
28
237
180
125
49
186
156
162
49
237
176
50
1
141
175
110
142
105
186
84
236
93
54
162
93
219
24
9
156
200
48
184
181
228
54
230
158
209
136
207
190
57
2
191
197
176
45
84
25
230
167
6
68
221
167
161
185
191
169
86
135
217
14
61
189
67
35
91
20
171
43
210
227
44
145
169
219
189
252
244
164
164
249
232
130
161
137
59
96
51
144
231
12
158
36
200
224
71
36
244
242
78
198
213
121
87
127
85
21
123
74
185
31
68
161
161
228
42
219
69
92
108
44
104
10
80
48
234
151
84
222
137
161
165
95
27
252
221
111
17
88
184
201
119
251
106
24
8
36
205
238
74
208
242
183
215
142
80
41
73
176
233
130
233
137
64
196
4
104
184
40
247
117
110
27
144
50
241
151
86
191
134
160
143
120
88
103
6
167
143
79
87
121
208
65
3
17
6
7
121
189
47
113
51
156
139
194
206
124
90
37
60
223
196
203
87
29
50
93
195
193
171
27
59
124
92
61
141
97
67
7
31
114
119
81
15
2
20
220
125
109
2
185
77
198
132
163
226
181
255
165
118
171
192
176
40
28
237
180
125
49
186
156
162
49
237
176
50
1
141
175
110
142
105
186
84
236
93
54
162
93
219
24
9
156
200
48
184
181
228
54
230
158
209
136
207
190
57
2
191
197
176
45
84
25
230
167
6
68
221
167
161
185
191
169
86
135
217
14
61
189
67
35
91
20
171
43
210
227
44
145
169
219
189
252
244
164
164
249
232
130
161
137
59
96
51
144
231
12
158
36
200
224
71
36
244
242
78
198
213
121
87
127
85
21
123
74
185
31
68
161
161
228
42
219
69
92
108
44
104
10
80
48
234
151
84
222
137
161
165
95
27
252
221
111
17
88
184
201
119
251
106
24
126
